p_values_OT
0.187941852101472
0.450932200313627
0.00713673761242174
0.999993383792672
0.949234104627288
0.999923337963085
0.964139987232135
1.02997968737973e-08
0.982022842294092
1.12968021179584e-28
0.872215456423758
0.319970142000433
0.32755375275646
0.119532011953121
0.404600159501776
0.482575681416314
0.035238450917782
0.0459162372098468
0.217208097982836
1.46825784436875e-08
0.998724934981426
0.884439091008678
0.144728971550936
0.993157427147551
0.000056846143246459
0.568873770478963
0.523925556271591
0.22376543143848
0.871016749538807
0.210291728802165
0.63475739773704
0.999900913952447
0.5
0.000726640874240348
0.863902428333589
1.57382897496855e-08
0.527830636252393
0.999946518119267
0.0626958483483524
0.987602945049888
0.270174581643304
0.995937545761759
0.992267214008588
0.0946440199740984
0.0554825873657473
0.9997782988625
0.999980454057182
0.639260682124659
0.76956637680761
0.00949036273234374
0.00102841227468658
0.338646816080428
0.598799805435065
0.734955420704739
0.5
0.00176361134338891
2.87963171731979e-10
0.979386949999576
0.997566442111215
0.871701739576224
0.000000135386412996513
1.0053830535273e-14
0.999993390035808
0.415917935712805
0.0000889482289377384
0.782991887961701
0.5
0.872478087414165
0.00315397778288268
0.00000880159297824042
3.40084568842473e-214
0.5
0.0331525428908954
0.569071838057827
0.0414056644505259
0.967537324981656
0.361572393083558
0.779406468175798
9.27880930235929e-09
0.425985151201279
0.762199859449337
0.648686455520036
0.000294138685919991
0.0409531263517582
0.000197472808800496
0.972917048622836
0.995007225926284
0.440154072653688
0.607224856013653
0.226786726890039
0.0114530410259945
0.5
0.0151177175298187
0.961608004669562
0.730499051170578
