"p_values_BA"
0.75671100161808
0.390968200513536
0.995141670863714
0.371582734818199
0.972742781635706
0.588466490633004
0.000603438293227705
0.000297624302175129
0.5
0.269089340754437
0.998916266666525
0.0693827417257021
0.996984084845012
0.583964879210494
0.999998944813717
0.517102652220909
0.132771290175994
0.999970798661863
0.0773081505421499
0.198139725565096
0.692833446534562
2.86471578738197e-11
0.480480915907549
0.375930510662072
0.371793634866685
0.00305016385902634
0.995872547887747
0.418194064800911
0.83091786111847
0.611280324562772
6.76216632325465e-10
0.503239507998721
0.0127707551651304
0.686100674468781
0.224607765711004
0.446274067247879
0.529777678447364
0.917120865047461
1.31972828747111e-21
0.0675725286353114
0.351502049912156
0.189854409054026
0.018062885170059
0.670237978471858
0.340737684962533
0.392710691762234
0.000488857793822169
0.103286656666245
0.999999969649902
0.249153226153071
0.0725752195250635
0.973790005968669
0.332117424197455
0.434453627555066
0.318186325255733
0.755968073999052
0.302300706512419
0.734858577081367
0.658131198215293
0.0356279620624522
0.372279163292076
0.700898937157158
0.36229301238437
0.851562564803505
0.576993217534146
0.187589444465055
0.297330244313296
0.961024081663713
0.908969789773951
0.248654668325811
0.00000378043094071945
0.942654250324457
0.0854856474740876
0.0000594803351780838
0.165287064803318
0.500000000000001
0.365330357451746
0.996400511876828
0.0180884267195013
0.195217396848654
0.373107358360435
0.472370775008449
0.939154167618496
0.269809206005449
0.750470680334392
0.938840536184202
0.49983025070806
0.779846339533862
0.125555959328841
0.999462379194641
0.832447619189301
0.634223330224104
0.447290484191641
0.0707482343572572
0.171659447099822
0.906782758824485
0.143196669157312
0.5
0.585571125768963
0.501676994736098
0.903489012814742
0.337630763932636
4.72589939659591e-29
0.591348761571249
0.722990353297821
0.941868003280179
0.376104592513017
0.843026024002278
0.283390330885911
0.00405809940894833
0.424198610730218
0.246824956211946
0.394456514876137
0.98564924961692
0.104044510658002
0.340942082225486
0.604772262880748
0.448392117561812
0.49881321226776
0.397348361848966
0.793980970623527
0.500070682176272
0.8011891513927
0.810891960903607
0.246530535473617
0.87828429210267
0.35337763761838
0.00539041586198435
0.500000000000001
0.0323526599403255
0.77606083748847
0.498656952451906
0.23232229890803
0.261740034363949
0.38286952342959
0.238927545916614
0.0380663788516262
0.577200170852623
0.1862526095293
0.00221990251831613
0.46176416873839
0.795641879915997
0.521028888476832
0.381721959999939
0.528165830332575
0.312038493958067
0.0145769097201361
0.48798553414119
0.601962832309692
0.00122857094558138
0.38423290975076
0.177041662627719
0.198503718711683
6.62022146449694e-48
0.0295711932489338
0.923041313292903
0.192042868518369
0.764827993280767
0.209597829256251
0.929333394831679
0.789285923537336
0.595378162306066
0.000352356759057265
0.966039960545656
0.116727318270547
0.999425546431051
0.623461752128015
0.254140156390194
0.035818465876714
0.666005535031986
0.999999937667769
0.00845000836404259
0.499999999999999
0.994826850014906
0.982672035291306
0.812977345754926
0.655988627368794
0.620492543603967
0.968627444244331
0.469279420047607
0.413621537891076
0.0000104360625515311
0.949137581896804
0.609005103445659
0.00000966173530057233
0.57815479297874
0.701007688277652
0.283050885564578
0.00275768235113151
0.851740683695814
0.0920218646118628
0.00745536095346028
0.304859242373711
0.478793253165125
0.801633959110486
0.324734169283388
0.236202912967997
0.733029144104678
0.82740453677413
0.0519007082122763
0.410227558161532
0.478337452795996
0.0711226336118658
0.235745449792316
0.768695234159986
0.000721013911439306
0.549284211328011
0.874494846398742
